CameraTool_Angle: -17.037969188668907
CameraTool_Height: 37.05430555438235
CameraTool_Rx: -0.03684360466233889
CameraTool_Ry: -0.5139679622380616
CameraTool_Rz: 87.99906944235656
CameraTool_Width: 102.90229300123517
