CameraTool_Angle: -19.24621153292759
CameraTool_Height: 42.30454043577367
CameraTool_Rx: -0.4619970101750008
CameraTool_Ry: 1.9947075523939526
CameraTool_Rz: 87.8352412453748
CameraTool_Width: 101.48129438495883
