CameraTool_Angle: 30.877102701429383
CameraTool_Height: 159.3441456764351
CameraTool_Rx: -0.4010061372870978
CameraTool_Ry: 0.904995180312444
CameraTool_Rz: 87.62910560491574
CameraTool_Width: 103.10175044208098
