CameraTool_Angle: 30.581505625936053
CameraTool_Height: 160.28842038093293
CameraTool_Rx: -1.263514378986194
CameraTool_Ry: -0.263152571082255
CameraTool_Rz: 86.25034776281844
CameraTool_Width: 103.86837980484577
